% add command
%T0e = [[   0,    0,    1,   187.325+68];[   0,   -1,    0,   0];[  1,   0,   0,  146.05+76.2];[   0.,       0. ,      0.,       1.]];
%T0e = [[   0,    0,    1,   187.325+68];[   1,   0,    0,   0];[  0,   1,   0,  146.05+76.2];[   0.,       0. ,      0.,       1.]];
% Target 1
T0e = [[   0.019,    0.969,    0.245,   47.046];[   0.917,   -0.115,    0.382,   73.269];[   0.398 ,   0.217,   -0.891,  100.547];[   0.,       0. ,      0.,       1.]];
%T0e = [[   0.019,    0.969,    0.245,   47.046];[   0.917,   -0.115,    0.382,   73.269];[   0.398 ,   0.217,   0,  100.547];[   0.,       0. ,      0.,       1.]];
% Target 2
%T0e = [[  -0.993,   -0.,       0.119,  -96.936];[   0.,      -1.,      -0.,       0.   ];[   0.119,    0.,       0.993,  401.229];[   0. ,      0.  ,     0.  ,     1.   ]];
%T0e = [[  -0.993,   -0.,       0.119,  -96.936];[   0.,      -1.,      -0.,       0.   ];[   0.119,    0.,       0.,  401.229];[   0. ,      0.  ,     0.  ,     1.   ]];
% Target 3
%T0e =[ [-0.3409003, -0.1074855,  0.9339346, 282.96];[0.7842780, -0.5802868,  0.2194888, -48.302];[0.5183581,  0.8072881,  0, 235.071 ]; [0,0,0,1]];

% Target 4
%T0e =[[  0.5054096, -0.8370580, -0.2095115, -45];[-0.0305796,  0.2252773, -0.9738147,-300];[0.8623375,  0.4985821,  0.0882604, 63 ];[0,0,0,1]];
a=0;
%[Trash,T0e]=calculateFK([0,0,0,0,0]);

[q isPos] = calculateIK(T0e);
%just position
[jointPositions,T0etest] = calculateFK(q);

p0=[0,0,0];
p1=T0e(1:3,4);
p2=T0etest(1:3,4);

%calculateFK(q)
f1 = figure(1);
vectarrow(p0,p1,[1;0;0]);
f2=figure(2);
vectarrow(p0,p2,[0;1;0]);

L = findobj(1,'type','line');
copyobj(L,findobj(2,'type','axes'))
disp(T0e);
disp(T0etest);
error=((T0e.^2)-(T0etest.^2));
error=abs(sum(error,'all'))







